-833,-499,-1391|84,17,61|-4,1,1
-168,3586,-2721|-61,-58,61|7,-13,8
364,223,1877|31,-11,-71|-5,0,-3
769,-854,-8705|-20,4,64|0,1,9
6985,-3666,3653|-112,99,-23|-4,0,-4
7688,-2445,1026|-55,66,-142|-8,0,6
7281,-151,-5042|-177,99,41|-1,-5,5
-2191,71,1322|174,17,-93|-6,-1,3
1509,2624,-5338|-40,5,-8|0,-4,8
1213,5658,175|120,-39,-119|-8,-6,6
621,-6996,-7410|117,113,-9|-7,4,11
5468,6435,-787|-33,-3,21|-6,-9,0
-489,5399,-5375|-81,-32,-83|5,-6,12
2591,1300,629|-103,-48,44|-5,-3,-9
-44,-1216,-2499|-2,73,93|1,0,6
-129,773,-272|21,-44,-20|-1,0,4
-2033,790,-289|88,-27,-82|4,-2,11
-10,3459,-748|5,-121,35|0,-9,1
-2016,-978,-408|69,14,-57|6,5,9
-1472,1419,782|82,-28,-73|1,-6,3
-2262,1939,268|-49,75,47|6,-7,-3
348,-3515,5362|8,97,-150|-1,0,0
7872,7213,10510|-53,21,3|-9,-12,-16
942,229,1456|-27,-44,-23|0,2,-1
519,3012,1233|-58,-115,-62|3,-11,-2
264,-48,-987|7,-47,14|-3,6,7
39,1497,-192|-10,-54,41|1,-6,-3
309,-3558,-1647|28,139,74|-6,12,5
1881,-7333,4674|-12,59,9|-3,11,-10
-3513,1502,-1774|130,46,57|-1,-6,0
10437,13809,2349|-80,-143,-12|-16,-19,-4
802,125,1425|-81,-70,-113|4,7,3
190,-3394,1153|27,164,-52|-4,4,-2
-371,720,-2706|24,-24,139|0,-2,2
3,-708,218|-16,-3,-15|2,5,0
20,-1388,932|-35,118,-57|4,-4,0
-2394,-827,677|-1,-14,-24|16,7,-2
428,669,-921|31,-66,52|-6,3,0
496,-1099,-224|27,92,29|-6,-3,-2
-405,-2544,-2638|44,105,90|-2,5,7
-677,295,2547|42,-26,-8|0,1,-16
-1893,-2194,-216|66,45,45|9,15,-4
-2257,382,-2610|152,-19,81|1,-1,14
620,1222,141|-46,-64,-78|0,-3,9
200,886,701|14,-70,2|-4,1,-7
-815,-87,-531|19,-38,105|5,6,-9
2262,-790,1231|-121,81,-16|0,-4,-5
-1120,-2538,-99|-3,53,-16|6,8,2
-256,3019,-787|-30,-24,-18|4,-11,5
-802,-2441,1418|-37,115,75|7,0,-13
3419,-908,809|4,-2,-28|-15,4,-1
-634,373,2657|-12,3,-72|4,-2,-5
-214,-2252,683|100,40,22|-8,6,-5
17,-572,1775|56,26,3|-5,0,-8
1403,4867,578|-32,-57,-61|-3,-16,3
-1096,4867,935|-23,-57,10|7,-16,-5
-4750,-1076,95|140,50,-115|8,0,10
-1453,-614,-619|126,-60,29|-5,8,0
2433,-2706,3506|74,74,-116|-10,1,0
-207,-1806,2921|7,-80,43|0,9,-9
-2337,-1311,-2239|47,43,-33|2,0,7
4833,3084,-3379|-68,67,67|-6,-11,3
2575,-2395,-3713|-105,-9,103|-1,10,6
1277,4975,-666|-69,-160,-47|1,-6,7
3147,80,-1502|-131,28,-55|-1,-3,11
2025,3369,907|-126,5,-38|3,-14,0
-2533,-2136,-6908|16,-26,171|6,8,7
925,4559,-3710|-63,-54,102|2,-9,3
-492,-8181,-3047|-22,85,90|3,17,2
-1259,-2552,346|48,-91,-54|0,14,3
1861,-3072,-6427|-18,-17,58|-4,10,14
379,2323,-4399|-96,59,88|6,-11,6
1588,-4840,-3177|-48,78,14|-1,8,8
-1038,-264,-278|53,-44,159|-1,4,-11
808,3220,-512|-18,-97,87|-1,-2,-5
-638,6801,4430|19,80,-43|0,-16,-5
10446,1786,1132|-97,-35,-16|-12,-1,-1
-710,-239,-516|38,-28,-33|1,6,9
-297,1497,2053|61,-92,-134|-6,-2,-2
2447,-841,-957|-75,45,66|-14,2,0
1740,139,562|13,-25,-50|-19,2,1
-402,937,-600|16,-7,-12|1,-8,7
-1564,1518,884|24,19,-88|11,-17,3
-87,-645,-362|-29,-29,-14|4,10,5
354,-715,-40|-38,96,-67|1,-6,9
2664,2204,765|-188,-75,-72|-1,-11,2
-3106,3879,-4272|104,-34,139|-1,-4,-1
-6094,-5859,-9726|39,107,13|7,3,14
-8668,801,5898|-19,-4,23|14,-1,-10
368,532,808|-67,-131,-44|6,15,-6
-417,92,493|28,12,-62|3,-3,3
1218,-1663,1788|-108,127,-175|-2,8,0
108,592,823|36,-82,-51|-8,5,-5
-1062,792,118|109,-69,36|0,-1,-8
313,117,-1407|10,-40,84|-7,6,11
2526,-4412,2808|-97,88,29|1,3,-7
-6258,-604,-3064|95,2,64|6,1,2
-4866,-3788,872|68,-80,40|5,12,-4
3406,1380,632|24,6,130|-8,-3,-9
-8898,-3356,3192|62,154,83|13,-3,-11
3852,-267,1655|0,12,-95|-14,0,2
793,1021,344|-59,-8,-26|2,-3,1
1230,9,-3313|18,24,13|-6,-2,11
-5808,-1279,574|48,68,12|17,-1,-3
972,-346,1421|38,14,-36|-5,0,-1
4290,4120,259|-8,-15,-38|-10,-9,2
-5510,-948,-2233|-6,79,22|14,-3,4
3394,2258,2611|-34,66,81|-6,-10,-12
2512,-3034,3045|-17,110,-36|-5,0,-5
-5482,1040,1183|80,-21,-42|8,-1,0
2988,-7738,-3675|53,133,1|-11,10,9
3842,4568,2849|37,27,29|-12,-13,-9
-6014,2454,-805|-17,-57,29|16,-2,0
-8408,-850,-203|112,-84,22|13,8,-1
1079,-2814,-212|59,22,36|-7,6,-2
3806,2478,-131|42,-48,-121|-13,-3,9
3779,2532,-995|-55,62,65|-6,-11,-2
2024,2721,-536|-74,-15,-78|0,-6,7
2537,4260,-2615|-65,-2,69|-2,-11,2
-919,534,4513|-63,24,-111|7,-3,-4
-3446,8037,9158|77,-2,-125|1,-12,-7
4942,-1503,-2128|-8,78,-52|-7,-2,6
1252,-2259,13568|-35,62,-81|0,0,-16
-1592,1593,1256|7,-45,-72|2,0,2
-4184,3213,-13882|116,-90,145|0,0,13
-6938,2781,-8662|-11,-41,-37|11,-2,15
8362,-1197,8888|-103,-60,-25|-7,5,-12
-3248,-387,-12442|-58,84,142|8,-4,11
3731,-1805,-652|-101,-67,43|-6,13,-1
-2935,-4500,1823|110,67,-58|2,12,-2
-427,-1035,-3457|-4,-79,90|2,11,6
4248,4487,1218|-90,-8,4|-9,-17,-5
-955,-980,-146|-118,114,43|14,-6,-3
-4937,-1970,767|63,21,36|14,6,-6
2070,-1937,-4645|32,77,190|-11,1,2
-3826,-683,-3908|139,-26,99|3,5,7
-3444,-3030,-2594|45,15,-105|3,4,10
2996,2920,-2244|-175,-65,119|5,-1,-3
4988,9764,-12441|-128,-91,98|0,-8,11
8654,3719,-10530|-142,44,89|-4,-7,9
-1486,-5329,3276|18,136,75|1,0,-8
3194,-1663,-2652|-82,2,87|0,2,-1
-5971,3017,11661|-107,2,-20|13,-4,-14
-8857,4343,4836|147,8,55|4,-6,-9
-628,-9346,1131|36,-1,10|-1,12,-2
-4138,4967,-4017|-54,32,82|8,-8,1
5768,3563,-4836|-108,-52,63|-2,-2,3
14933,-688,2418|-123,-43,17|-13,3,-4
7224,-3092,-808|-33,112,43|-11,-1,-1
3429,-518,-8893|14,-17,67|-7,2,12
199,1711,-191|-15,-124,96|0,-3,-12
-1079,997,805|111,-84,-13|-3,0,-8
-935,-299,-1523|47,76,116|5,-8,2
325,-1187,1867|-58,85,-108|5,2,-7
-1697,1141,-1187|130,-161,179|2,10,-12
859,-671,-1133|-96,29,51|4,4,7
595,-3438,-4651|-21,165,79|0,-3,6
63,-2794,-3615|-2,-61,-45|0,11,12
679,1588,-1263|63,0,16|-6,-4,2
875,-1758,-2159|-31,76,-68|0,-1,10
-2219,-708,-535|-80,53,-68|11,-2,6
2499,-330,7151|-60,-120,-67|-2,9,-13
-1155,846,1047|-31,12,6|5,-3,-3
-7454,-5579,4859|16,11,73|16,12,-16
-88,-185,3757|92,-10,-84|-6,1,-3
-1016,-3781,-3377|-86,114,102|8,1,1
-1828,1642,1727|-43,-88,31|7,2,-6
-88,1700,-42|92,30,-28|-6,-6,2
1594,1816,3322|-26,56,36|-2,-8,-10
-7793,5931,-1780|-51,34,-3|20,-15,4
-383,1566,-1735|-19,40,-20|2,-6,5
-2453,-2289,-3250|19,29,-16|4,3,8
-863,4146,1400|28,-108,-47|0,-2,0
-1793,5091,-2500|90,-124,145|-2,-3,-4
982,4641,-4600|-80,-47,29|3,-7,8
1147,3711,-3430|23,77,114|-4,-13,0
3382,6531,1490|-160,-141,12|3,-5,-4
-5005,12388,3235|8,3,-163|6,-16,4
1937,-560,-1952|-30,-105,-30|-1,6,4
-1183,-1067,10450|-50,28,-148|4,0,-6
-286,10087,8734|27,-138,-44|-1,-6,-9
-2080,-677,5926|-7,-22,-52|3,2,-5
-6136,7591,5614|-43,6,-64|10,-10,-4
5213,2911,115|6,-14,37|-7,-3,-2
4667,-1067,-4994|-180,-12,-12|3,2,7
7709,7552,-6320|-58,-33,42|-7,-8,6
9932,-14,-1601|65,-99,61|-16,5,-1
1482,689,-1116|-56,-9,100|-3,-3,-4
1257,-1435,1944|-53,-24,-70|-2,11,-4
11,1170,2140|-1,27,-52|0,-4,-1
-857,4983,8092|27,-112,-116|0,-3,-9
-51,1418,-2014|1,51,-14|0,-6,5
1840,-2395,3287|100,-34,-41|-10,7,-4
7172,-4534,1644|-104,3,-196|-8,9,9
3793,1108,-2386|-59,-35,-18|-4,0,6
4940,5324,-3099|-64,-123,5|-6,-3,6
693,-1000,-2448|-87,-15,128|4,3,-3
2305,-70,1985|37,-13,81|-7,1,-9
415,68,-1398|-25,-13,98|0,1,-2
687,816,-1415|13,51,81|-6,-11,0
653,0,-769|-39,-36,52|0,4,-1
-2543,1615,744|167,-104,53|-2,1,-11
1180,1717,-2350|-34,-38,82|-4,-7,6
2778,1700,-2231|-155,26,174|-1,-14,-5
-2653,3627,-1955|90,35,-99|-1,-7,8
-1765,-9323,-4693|9,138,-44|2,6,9
11296,704,3003|-40,-133,-5|-14,6,-4
4155,-5660,-5840|-113,115,44|0,2,6
9890,7845,-7875|-78,-41,118|-10,-9,5
-5798,-3292,9367|42,-6,-63|6,5,-10
-766,-184,857|-94,-71,72|6,4,-5
10704,-1479,709|-24,-74,114|-14,6,-7
5675,-39,-2630|-11,-72,-112|-8,4,10
4289,4731,1150|46,-112,-32|-9,-1,0
-1813,-28,85|-54,-59,17|5,3,-1
6026,10931,280|5,-80,32|-8,-10,-2
6455,2585,-4673|-26,-46,-101|-7,-1,11
-5479,713,-7130|120,2,-38|1,-1,11
-6844,6407,-539|-5,-84,13|9,-4,0
-7819,14636,-7832|80,-55,20|6,-16,9
-19,-6814,-3308|40,155,4|-2,1,4
2672,8474,1957|31,-57,-71|-5,-8,1
1426,-9028,-713|-33,129,9|-1,11,1
5296,6047,2827|24,14,-78|-13,-14,-1
-11762,3422,-6437|171,-67,109|11,-2,5
-14963,4181,-2972|98,114,21|21,-14,4
3398,2476,3910|-84,-108,112|-1,2,-13
-6207,827,-4301|-64,-7,-49|14,-1,10
5132,-9475,425|-65,86,57|-5,11,-4
2588,525,-602|-35,-69,-21|-15,4,7
-444,1181,-1962|-7,-59,64|4,-2,7
-1812,-1691,-2050|104,44,27|1,7,12
-1756,-851,-2610|92,17,62|2,4,12
1524,645,1982|-130,-68,-55|4,3,-8
-228,-1843,358|22,113,38|-1,0,-7
-1796,709,-1426|35,-4,-12|9,-5,12
36,2301,-42|-37,-95,46|4,-6,-5
2460,925,1254|7,-9,-120|-19,-6,5
4431,-1315,-1309|-43,107,15|-17,-4,5
-99,3095,-449|-37,-40,14|4,-11,1
961,-1355,1541|-48,25,-33|0,4,-4
1411,-445,1381|-39,53,-25|-3,-3,-4
-272,-665,90|74,92,16|-7,-6,-3
-2117,610,-675|29,-113,-5|14,9,6
283,2320,945|109,-19,-41|-16,-17,-3
-1217,-1385,-30|129,52,-8|-6,5,1
-47,445,30|-77,82,28|10,-14,-4
-644,-5230,-1865|-123,85,-36|10,7,7
-4494,8840,3343|145,-84,-135|1,-16,1
-5306,-890,-2341|0,-12,-77|13,3,11
1417,99,2452|-17,100,-149|-3,-8,4
767,1374,3552|22,-16,-102|-4,-3,-3
542,1874,377|44,16,-105|-5,-7,7
708,1037,-4669|4,-13,96|-4,-4,15
-1040,-1927,-3377|56,33,68|0,7,11
2019,2519,1658|5,-21,-27|-11,-11,-6
1582,467,-2541|-62,17,134|-2,-4,0
-3491,1892,-3016|95,-98,69|9,0,9
-3282,2785,2304|104,-65,-31|7,-8,-9
-3529,-1072,917|77,68,-18|11,-1,-3
-394,-1699,4071|112,11,-104|-9,8,-11
-2883,2729,-570|137,-19,-84|0,-10,10
-531,-2416,-1704|25,61,47|0,5,3
3707,-2056,2383|-55,-22,-32|-6,7,-4
-6769,4235,-3665|95,-73,-4|11,-6,10
2060,779,-236|-64,-71,-61|-1,3,5
2978,-5296,9052|70,112,-139|-13,6,-14
5064,8105,8494|0,-14,-44|-8,-12,-11
7059,-9045,-46|-93,134,38|-6,7,-2
-326,-4145,5974|100,84,-26|-5,2,-8
-1166,3310,5064|16,-75,-90|1,-1,-3
-2819,-6760,-582|63,84,-103|3,12,9
1366,-2413,1038|20,63,75|-5,2,-8
1580,-377,3914|-86,29,-156|0,-1,-5
-1156,-3094,-437|58,92,-17|0,7,4
630,1219,-874|14,-5,-4|-5,-6,5
1409,-2999,-1900|-97,67,60|2,9,4
-1764,573,95|50,-11,95|4,-2,-10
-1935,-719,-1596|69,47,124|3,-1,-4
-5054,-3765,7287|58,132,-38|10,1,-18
146,-1685,5350|-34,-2,-112|2,5,-7
-5691,-216,709|-66,9,26|21,0,-4
5294,3554,280|-124,-109,29|-6,-2,-3
-3052,-1503,5909|116,-36,-66|0,7,-12
1147,-1971,4882|-86,63,-148|3,1,-3
3032,-476,-4660|-118,19,30|0,0,11
6880,1747,-2710|-23,-53,36|-18,-1,5
1916,1757,-626|20,-24,26|-8,-4,0
-4756,1985,-1862|198,4,-35|0,-7,9
-4768,125,-3782|-39,-6,-30|19,0,15
-2812,-4279,730|-83,65,-18|16,9,-1
6800,401,-2138|-171,20,-61|-9,-3,12
-3604,-1987,406|150,-43,-17|0,10,0
-784,-1015,-4082|20,129,-5|1,-7,14
-1828,1757,-1286|-149,1,41|18,-6,1
-239,3187,1315|-37,-97,-105|6,-12,3
249,-1405,-1861|-8,105,102|-1,-2,2
-327,-1629,475|79,0,75|-7,12,-12
897,3,-2845|-108,0,138|6,0,5
753,2179,299|105,-119,-67|-18,-2,6
1721,843,-301|-15,-27,81|-11,-3,-7
-5674,-5952,4901|129,78,-110|1,4,-1
1793,-4546,1994|-48,2,25|0,6,-4
-6833,5771,-267|-16,-16,-13|10,-7,1
1033,5828,4160|-67,2,46|2,-8,-8
3693,-383,1623|-118,-65,-194|-9,9,11
345,-1148,-2598|-27,-70,12|1,14,14
-546,922,1461|89,5,62|-6,-6,-15
687,-3965,-744|-27,77,-34|-1,15,8
-942,-2003,2514|16,63,-63|4,5,-8
-60,2227,417|-14,-153,25|2,3,-5
444,-554,588|-42,-65,-70|2,10,4
-1806,-788,3000|64,5,-128|4,4,-4
1677,-4028,-519|-63,166,20|-3,6,1
786,535,-1968|72,-78,72|-12,5,4
-1029,1045,-2896|2,11,154|4,-5,-2
1336,935,173|-2,-30,95|-5,-1,-9
4654,-1524,660|-44,72,-26|-10,-1,0
-1625,1466,-2174|76,-70,-52|-1,1,10
-1014,-6008,12961|46,59,-29|-1,5,-16
2425,-403,1067|-64,9,-67|0,0,2
11488,5278,-7236|-10,35,-63|-15,-9,13
-197,-726,9313|-34,76,-11|2,-3,-12
-4339,-707,10491|114,95,-120|0,-4,-8
-4852,-4393,-7027|69,36,29|3,4,8
-13193,-5001,326|35,52,50|16,4,-3
10785,-7965,5475|-167,13,-27|-6,10,-6
8087,-156,-9687|-57,-17,-18|-8,1,14
5311,1364,-4493|-117,9,15|-5,-4,10
-1535,4276,3711|55,-66,-133|0,-6,0
-4307,-1380,967|-49,136,-180|14,-6,10
4107,2988,-4843|-132,-20,-16|-1,-6,13
-106,-18,-2952|-145,-18,24|15,2,13
-1987,191,-2686|124,51,90|-2,-6,5
1262,1236,601|13,-44,-43|-8,-2,1
1224,932,4078|-65,-18,-96|0,-3,-12
3143,400,-140|-6,50,-4|-16,-7,1
4359,-1500,50|-110,140,-34|-12,-6,3
-1265,1312,4268|-24,-38,-96|9,-3,-13
768,2262,-1223|-11,-148,73|-3,3,-1
3641,3799,-4840|-72,134,90|-2,-14,3
-6321,-774,-1066|11,6,14|10,1,1
-7902,3272,753|40,-8,83|11,-5,-6
-7188,-3511,430|89,174,5|7,-4,-1
224,10225,-3820|11,-55,-115|-1,-14,13
-4434,-1318,685|-132,57,15|15,-1,-2
513,-1845,6210|-50,-50,-25|2,6,-9
694,4542,2375|-38,-120,-122|1,-1,3
265,-7470,1022|60,74,72|-4,9,-6
1948,3651,6995|9,-42,-41|-4,-4,-10
-3596,-2652,3629|-10,47,-109|7,2,0
6502,7941,3728|-61,-2,-61|-8,-14,-3
-758,6357,-2278|40,97,-15|-1,-17,5
-4949,-2916,2177|65,123,-99|5,-2,2
3466,978,2705|14,-148,4|-7,7,-5
-2870,-5655,3398|87,-83,-17|0,15,-5
13201,879,4322|-94,-26,-45|-18,0,-5
3501,2002,6330|-32,90,-115|-9,-14,-12
-5835,634,3390|7,-28,-80|19,0,-5
753,-710,-750|20,3,-95|-4,2,10
3585,-4550,-5310|2,13,-5|-12,14,18
-295,562,-8829|-15,-51,158|2,2,15
1505,-1688,2896|17,-39,-25|-6,8,-7
-3895,87,571|103,20,94|4,-2,-9
2280,-1763,-29|-14,-23,27|-6,7,-2
2755,-3738,-2429|-59,-22,97|-4,13,0
-2095,-538,1746|83,45,-5|0,-2,-5
-745,2712,-1629|-23,-137,65|4,2,0
-5795,4862,6121|166,-67,-128|5,-10,-9
-443,1290,2766|-35,-95,-104|9,0,-12
369,-1041,57|-78,94,52|7,-3,-7
607,-362,2850|-20,-37,-95|-3,8,-14
-394,-621,-167|-46,4,8|10,5,1
-1034,8022,2236|0,-51,-5|3,-19,-6
1553,-714,1118|-32,-12,173|-2,3,-16
-5129,-1871,1014|-18,46,-39|16,2,0
1882,457,-2228|-4,-45,66|-21,2,15
504,-1337,-2033|-10,16,156|-5,13,0
-523,-310,2569|111,7,-142|-11,3,-8
49,-401,918|46,-42,-15|-8,11,-8
1193,-2689,1022|-28,204,-114|-10,1,5
-1316,-1610,996|81,107,-7|2,3,-10
283,704,-785|-84,20,74|8,-10,-2
1037,-973,2465|-37,65,-106|-7,2,-12
634,-102,-1396|-48,-16,58|-1,4,7
-2343,327,1347|146,14,-97|4,-5,-1
-5127,-1697,4261|-2,-1,-85|12,4,-4
325,449,1216|-40,-75,-70|2,4,2
-1676,8859,4638|14,-170,-68|3,-9,-6
-168,-3437,6436|-53,134,-115|4,-1,-7
-1647,-2770,7103|-17,6,-78|5,6,-11
1224,1638,3942|49,-41,-194|-6,-1,4
-3979,2255,-780|64,-8,82|13,-10,-4
841,145,2690|12,-39,-102|-5,3,-3
-809,-915,1420|42,-91,-49|0,13,-2
-867,1058,-160|66,-15,-29|4,-17,8
-637,1278,910|76,-103,-48|-2,-5,-8
298,733,20|-1,-43,-14|-5,-6,2
533,1753,-310|-8,-134,8|-8,-8,4
-237,-147,670|91,-10,-13|-12,4,-10
-387,468,-390|40,-44,-6|0,-1,8
953,-462,440|-83,104,-89|-2,-11,8
48,1553,-790|13,-92,155|-3,-12,-14
-1696,991,-291|92,-10,47|3,-7,-4
-2626,-389,-51|34,-14,-1|18,5,0
1040,6169,4171|25,-212,-47|-3,2,-4
-7955,-3491,-4509|84,46,21|8,3,6
-3405,-1671,8441|8,-24,-115|5,4,-7
-1340,9774,2036|39,-27,-22|0,-14,-2
-4770,1129,-4754|137,-122,136|0,5,0
1663,5742,172|-78,-157,62|1,-4,-5
-497,1800,-2744|58,3,-12|-3,-5,8
2041,-1089,793|-50,-44,-31|-2,6,0
-4169,4311,-3338|82,-62,66|5,-7,4
1285,-603,955|-22,22,-37|-2,0,0
-6679,-38,-891|100,-88,25|5,5,0
5221,-73,1839|-6,-33,37|-8,2,-5
3576,-8998,-3621|-103,-12,-59|0,15,9
-1219,-1753,10134|70,-93,-56|-2,8,-13
-4824,2202,5234|-7,-26,30|8,-2,-10
2701,-9488,-4426|-78,128,-18|0,8,8
4451,5737,-2326|106,-55,66|-13,-6,0
-8709,6997,1069|104,-1,-31|8,-11,0
3984,2409,-2230|15,-90,16|-8,1,3
-4926,-3597,-3451|13,58,-32|8,3,8
1971,-1518,-3649|93,-5,59|-9,3,3
1344,1584,-5167|78,-116,-31|-7,4,11
948,-6567,-1372|22,46,24|-3,9,1
-273,-330,7076|8,27,-96|0,-1,-7
5865,7524,-6949|9,-7,142|-11,-13,4
-2847,-2211,4040|-33,-103,-140|7,10,1
-9381,4488,-4111|46,-17,-29|14,-7,9
-5605,-5309,-5145|-34,109,-66|12,3,13
4823,1390,-1086|24,25,83|-10,-4,-3
-3988,268,-11811|53,-9,136|4,0,13
1424,-8147,1521|-77,42,72|2,12,-7
-2107,1885,-2505|-21,27,41|5,-5,2
3340,-1280,4419|-11,59,-123|-7,-1,-2
-1039,-7892,-3208|-25,77,65|4,13,3
3949,4172,-1439|-137,-99,19|0,-3,2
614,-1251,446|-22,43,-151|0,0,9
2760,3273,-5354|54,7,109|-10,-8,5
-3417,3331,-4629|117,-115,-6|0,0,11
5,-1048,-975|-76,51,33|5,-1,0
-3301,-5630,2708|38,59,56|5,9,-10
-2750,-4151,7609|-11,38,-98|7,7,-11
-1408,2242,-1675|54,-171,126|8,0,0
-1512,1514,184|-1,-87,-52|17,-4,5
399,331,67|-29,-38,34|0,2,-6
1101,539,2173|-83,-40,-79|0,0,-13
-667,-1554,-960|53,72,71|0,7,0
3233,2151,-2091|-142,-94,158|-15,-10,0
-628,1423,1523|113,-73,-43|-9,-5,-11
906,2099,-180|-68,-104,-24|0,-8,5
10374,2759,3961|-8,-150,-47|-17,4,-4
-6677,-3701,-2125|56,110,62|8,0,0
-6762,-845,3859|41,26,-44|9,0,-4
-1271,294,5831|37,-25,-172|0,1,0
3727,-2103,-5185|-5,98,82|-6,-2,4
293,4068,-2176|166,-101,11|-10,-1,3
-3481,-4789,-918|-38,142,-26|8,0,3
-265,4681,-2828|14,-89,171|0,-14,-3
-455,811,1822|97,-53,-93|-7,1,0
975,-2299,602|36,71,10|-8,4,-4
-371,367,361|26,-44,-33|2,1,-1
-171,627,-424|17,-81,95|0,3,-10
-901,222,-604|90,20,25|0,-8,6
629,-403,-19|-85,55,38|4,-3,-7
-381,652,-339|27,-45,59|2,-4,-5
-971,1542,-779|97,-156,37|0,0,7
1769,-168,-1114|-89,15,98|-16,0,2
5277,8455,-4580|47,-116,112|-11,-7,1
1637,-3935,-7310|-65,58,-80|1,3,16
-10228,-4530,-5630|22,21,142|15,6,1
-6308,3205,-13435|0,-92,167|10,0,12
3842,-785,-2165|-20,22,79|-5,0,-1
-5993,-2115,7530|-81,114,-36|14,-3,-10
6642,-3900,4345|-136,-33,19|-3,8,-8
-6413,1315,3400|-15,-38,28|11,0,-7
1357,6915,2210|69,-18,-64|-6,-10,0
-2699,4182,2636|167,-122,-21|-5,-2,-5
1795,4280,788|50,5,45|-8,-11,-5
1543,2054,-4406|-57,-17,13|0,-4,10
4875,-3322,-1984|56,1,57|-16,8,1
6737,-354,508|-54,11,-3|-13,0,-1
2299,5806,-1970|-55,-93,71|-2,-8,0
2971,1578,2048|-79,-116,0|-2,4,-5
7507,-5366,4414|-96,16,17|-12,12,-12
451,1018,18|11,-9,0|-2,-2,0
4749,-2664,-2572|-70,-95,49|-7,13,3
-603,-266,-842|35,-39,59|0,6,-1
-1589,3372,3289|102,-208,-112|-1,1,-9
-1776,516,-1148|104,-85,-4|0,6,8
2236,2199,-1454|-114,-58,32|-2,-8,6
-1079,142,3612|-27,90,-176|10,-11,-4
536,-436,569|-32,25,21|0,0,-6
1267,-96,671|-75,50,6|0,-5,-5
4240,6035,-1297|190,-50,-3|-16,-6,2
-2124,-847,-12915|1,-54,159|3,4,10
-1125,6812,7213|-121,5,-100|8,-10,-5
3611,1299,-4812|17,-17,111|-6,-1,1
-8155,4185,-3702|12,38,-71|11,-8,9
-3012,-1698,-3591|-51,121,59|7,-4,2
-5972,-1402,11764|181,18,-109|-1,1,-11
-4196,10364,-39|114,-91,-170|0,-10,9
-5824,7330,5400|-13,-142,25|9,-3,-9
-1976,1262,9359|35,22,-63|1,-3,-10
3138,-3783,-513|37,83,-7|-11,4,2
-372,2967,4212|13,-69,-28|0,-3,-9
60,672,2322|39,16,-84|-3,-3,0
937,1299,4314|0,65,10|-3,-9,-14
2862,2199,4314|27,-49,-16|-11,-3,-12
-1788,-2601,1339|70,52,-66|0,4,1
-7413,1474,1214|35,-72,69|20,1,-9
1562,-5926,-1586|53,120,77|-9,9,-1
3387,-701,-436|19,41,-99|-12,-1,9
1037,1299,2789|74,-117,19|-9,5,-10
6887,1999,2264|-212,63,27|-5,-11,-9
-2454,3908,4493|40,-41,-104|4,-8,-5
-1414,138,-330|54,-58,-40|0,4,4
-530,2764,1165|-7,-105,-138|2,0,7
-2584,-4100,4194|99,78,29|0,6,-14
4514,-5452,2088|15,49,2|-14,12,-6
2369,1308,1542|-51,59,-31|-3,-8,-2
783,-4581,-1370|37,110,135|-5,5,-6
1477,-678,-914|1,-160,64|-5,15,-2
-791,-366,-1370|33,-23,58|0,3,0
-743,-750,-6386|-119,68,67|12,-3,16
-23,-234,-2210|1,-91,-82|0,8,14
5569,3198,862|-32,-34,-35|-16,-8,0
1321,-2850,1738|-80,18,-59|2,8,-1
-563,2046,2626|-64,39,-96|7,-10,-1
-383,-5370,1438|66,98,-34|-4,10,-2
3121,1139,-482|-84,-23,29|-11,-5,0
-653,-1530,130|39,35,-34|0,6,3
-5063,-11650,8566|86,28,3|3,16,-13
-2561,-6700,4390|-113,57,-29|10,7,-5
-977,-2254,3256|65,-11,-53|-2,4,-2
-7434,6703,7006|50,-51,19|7,-6,-10
-3300,8809,2170|-16,-65,-97|5,-8,2
-7278,-3242,7708|66,44,-59|6,2,-7
13158,-11588,-3485|-78,-2,148|-13,15,-3
4695,-3515,4705|-61,51,-42|-3,2,-4
2002,639,-1916|-111,-71,21|0,4,9
-347,2052,1387|48,-7,-20|-3,-11,-6
-770,-477,2323|81,67,-34|-4,-4,-10
697,-1323,3682|-10,-19,-138|-3,10,-7
1141,-1102,1582|-22,-40,-140|-8,16,4
-1813,-934,-658|129,-67,35|0,18,2
1001,592,1162|-42,-71,-5|-4,4,-10
-189,-1165,-1456|28,47,62|-2,5,6
-2793,277,-658|154,-56,-10|6,5,8
-2843,830,-240|-412,119,-35|29,-12,0
561,-879,2757|85,-126,396|-5,1,-27
483,-2524,422|71,-362,65|-2,20,-4
-2418,-1522,-852|-345,-217,-122|26,15,9
92,-3025,215|13,-435,32|0,22,-2
3087,-796,-1114|439,-116,-159|-33,10,13
906,70,2639|129,6,379|-10,-5,-26
-182,-50,2623|-27,-10,377|-3,-2,-26
2507,221,1319|357,30,182|-25,2,-15
-1120,-1672,1737|-163,-238,246|9,12,-17
-1240,-2710,1243|-175,-384,177|13,22,-11
-2314,2561,328|-330,367,40|27,-24,-3
2371,-389,-1955|334,-56,-281|-20,3,21
-434,-2848,-913|-67,-408,-130|-1,24,10
2056,-1628,-1558|291,-235,-227|-22,21,15
1053,2653,-1626|154,379,-227|-10,-26,13
-2181,1285,-1166|-310,181,-162|20,-14,9
-2189,-1315,-2270|-311,-188,-322|22,8,16
-1086,-2194,1448|-158,-313,199|12,17,-18
2885,-1247,1039|413,-177,151|-27,12,-10
1593,2580,-1214|224,368,-176|-10,-25,12
-446,-1930,-1797|-68,-278,-259|4,20,21
642,2024,1663|92,292,242|-10,-17,-14
1097,-2987,1234|157,-424,177|-10,28,-5
-2374,-1019,1757|-335,-145,250|23,10,-17
-712,1767,1196|-101,251,170|2,-18,-15
-1122,1692,-1744|-164,246,-247|10,-19,21
-1846,942,-2533|-260,137,-358|18,-8,22
-1690,2012,785|-242,290,113|19,-24,-15
1638,-2984,539|235,-426,81|-16,26,-8
-2618,-1700,1297|-374,-247,185|29,15,-13
2933,153,982|419,13,142|-29,2,-8
2567,1801,491|366,257,73|-27,-16,-7
1783,-924,1676|254,-134,239|-16,13,-18
2029,-1462,-1914|283,-205,-274|-24,13,19
1217,-1225,-2739|177,-180,-391|-12,11,25
-2157,-342,1702|-309,-51,245|22,3,-17
-2605,-432,628|-372,-61,87|28,4,-6
160,698,-2721|22,99,-386|-1,-6,19
895,2760,1095|127,397,157|-9,-29,-7
-1993,-1733,-409|-284,-248,-60|23,24,3
948,904,3052|133,124,434|-14,-14,-26
3186,-1032,-896|453,-148,-126|-30,9,10
-931,3471,56|-133,496,10|5,-34,-2
3270,-206,-851|458,-27,-118|-30,0,8
1531,-2061,1996|215,-296,283|-10,17,-19
316,-1984,1728|46,-288,242|-3,24,-17
-254,-748,-2958|-36,-109,-422|3,6,33
132,-1586,-2317|22,-223,-326|1,18,18
2073,-1463,-1932|294,-206,-278|-18,17,17
-1089,-45,2877|-157,-5,412|11,-1,-32
-410,2889,1122|-61,415,166|0,-23,-13
654,-1230,-2552|93,-174,-365|-9,16,29
-2106,-1937,768|-295,-275,109|18,18,-3
2929,-725,-238|414,-104,-39|-26,7,1
840,-2609,-1590|120,-372,-227|-8,24,18
822,-2523,1355|118,-357,187|-11,29,-9
1470,503,-2578|211,69,-370|-16,-10,27
1786,121,1675|259,18,240|-14,-1,-16
3009,198,1286|431,27,183|-30,-2,-8
1298,-2606,-100|185,-378,-14|-10,27,-1
906,536,2696|132,79,379|-9,-5,-32
3302,481,743|473,63,102|-35,-5,-7
175,-2676,1265|25,-381,184|-1,22,-13
-1819,196,2632|-260,31,377|16,-8,-26
2983,-1160,-333|426,-170,-50|-32,12,6
-15,2565,99|-7,367,14|-1,-29,-5
661,-2416,1867|94,-345,268|-7,16,-18
77,39,3045|13,4,435|4,5,-34
820,-2014,843|117,-287,123|-4,18,-8
-2569,-1447,-432|-366,-210,-60|25,13,4
2156,-1773,-510|305,-257,-73|-19,16,0
-2188,939,-1|-312,135,-1|23,-7,1
-2478,1649,1401|-354,237,193|26,-18,-13
-2228,2035,69|-313,290,5|25,-24,5
-1167,2674,33|-163,380,2|10,-26,7
-2810,737,-14|-401,103,-4|30,-7,-5
-2518,-1475,1125|-353,-211,160|25,16,-14
2866,-596,-822|407,-89,-119|-28,5,5
66,1045,2622|11,146,370|-1,-10,-28
-1326,1976,2227|-189,284,320|13,-19,-19
199,-2682,-889|25,-382,-127|1,23,7
-1703,293,-2055|-244,43,-290|19,-2,23
-1725,984,2303|-247,140,329|18,-9,-21
-2376,539,-2230|-339,73,-317|25,-6,22
-1178,-534,-2732|-171,-76,-390|13,3,29
-1745,-2288,426|-252,-327,60|12,24,0
-2811,-1675,538|-402,-238,81|30,19,-5
-948,-775,3082|-135,-110,441|9,13,-30
549,1427,-2381|76,203,-346|-5,-15,20
-210,2385,-1528|-27,340,-212|-1,-23,16
3012,1221,-262|431,179,-36|-23,-12,3
2163,2316,561|313,329,80|-16,-25,-9
1858,1047,-2395|265,150,-344|-17,-15,24
-1322,-391,-2833|-189,-53,-409|16,6,24
-975,-2214,-2230|-133,-318,-318|9,17,21
-1172,2355,1378|-170,338,198|14,-32,-18
1778,874,-1604|256,126,-227|-21,-8,19
1579,811,2590|219,116,374|-15,-12,-21
-1518,-2441,1048|-216,-348,152|9,23,-10
2204,1505,1740|315,215,250|-20,-13,-16
-1723,-2674,890|-246,-385,127|13,27,-7
-806,1341,1967|-114,197,283|11,-17,-18
466,19,3093|66,2,440|-9,0,-30
-710,-2201,-2248|-101,-317,-323|8,24,18
3052,-96,123|436,-11,17|-26,-4,3
2058,535,1117|296,75,164|-21,-4,-11
2233,1477,1314|311,213,186|-23,-8,-17
2060,-63,2115|290,-12,299|-19,-3,-14
-503,2332,-1873|-79,335,-272|6,-28,20
2393,-340,-1098|344,-48,-153|-21,3,10
-2547,1377,1267|-364,200,182|28,-15,-14
-1034,2302,-1172|-149,332,-161|12,-22,13
-2776,-104,-523|-399,-16,-73|29,0,1
1771,1362,-2101|250,192,-299|-20,-7,21
2975,-496,-1298|420,-73,-184|-34,7,8
-750,-2930,895|-105,-420,127|4,27,-8
2358,-515,2215|332,-79,316|-21,1,-20
1896,1218,-1722|266,171,-248|-18,-17,22
-2787,-585,-1023|-403,-86,-149|20,1,6
1006,-2944,-75|145,-420,-9|-10,28,2
2223,-2611,211|316,-373,28|-22,24,4
-3237,622,-127|-460,88,-21|32,-4,0
2468,940,809|352,133,114|-23,-7,-14
745,2723,-1771|104,387,-253|-7,-27,11
3079,954,-475|441,134,-65|-32,-9,6
2898,-724,1296|415,-103,188|-28,12,-17
-1534,-2251,2106|-219,-323,300|18,24,-22
1118,-1993,2096|164,-284,297|-10,21,-23
-980,2460,-919|-138,353,-127|7,-21,9
-1579,837,-3110|-225,114,-444|14,-8,27
1206,-2091,1026|172,-296,143|-10,18,-8
3433,-601,-719|487,-87,-104|-35,8,7
725,-490,2434|98,-68,345|0,4,-22
366,3042,837|48,428,120|-1,-28,-6
-1110,-981,-2006|-165,-135,-286|11,9,18
-1837,-666,-2584|-266,-94,-369|13,5,24
-1223,-2493,1004|-174,-359,141|13,22,-9
-282,-1529,2340|-40,-217,339|3,17,-23
-1740,-2697,-232|-248,-384,-27|13,25,2
-489,2888,-479|-67,413,-69|5,-28,5
2864,-1237,-1254|414,-176,-181|-28,12,10
-1263,-861,2591|-177,-124,376|11,7,-25
1578,-1602,2035|227,-228,288|-12,20,-22
1470,-2535,214|213,-361,27|-10,25,1
-779,2562,764|-112,365,108|9,-20,-7
2406,-243,2005|346,-31,286|-23,2,-20
1682,382,1836|246,57,265|-16,-3,-16
558,-2913,351|77,-416,47|-1,31,-4
2737,-217,1442|395,-31,205|-25,2,-11
2643,903,1168|382,131,166|-28,-9,-9
-1097,-1662,-1197|-157,-232,-176|6,10,8
2154,-1785,-1040|305,-253,-148|-21,16,11
-1577,-502,2281|-223,-76,323|18,5,-23
150,-2685,531|24,-383,76|-5,29,1
1830,-2571,319|261,-367,44|-19,26,-4
631,2434,-302|88,349,-46|-2,-24,0
-1816,-2338,-1168|-262,-334,-165|17,18,13
-1291,-189,-2567|-183,-27,-366|12,7,27
2577,1399,469|368,197,68|-23,-7,0
-281,3177,325|-36,453,46|2,-33,-3
-1386,-353,2531|-204,-48,368|15,7,-20
700,2432,-1803|100,347,-257|-10,-27,21
-1191,-2167,318|-172,-311,46|4,21,1
1235,1073,2522|178,158,361|-12,-13,-26
3009,-18,-1884|425,-3,-269|-29,-1,20
1775,-1388,-1149|253,-204,-164|-15,13,11
-2724,644,37|-388,92,6|27,-2,7
652,1410,2373|91,204,334|-9,-20,-21
-680,-2082,2558|-97,-299,363|11,16,-25
-2404,-1258,1398|-344,-180,201|27,13,-12
-2003,440,1820|-290,62,264|18,-3,-20
2337,-947,-1272|333,-137,-184|-23,9,11
1364,-2612,-1713|200,-372,-246|-14,29,22
795,-2582,895|115,-362,129|-11,22,-1
-517,984,-2530|-77,135,-357|8,-3,25
-668,-2394,992|-95,-340,141|7,20,-11
-744,1390,-1984|-107,203,-288|2,-15,23
3337,-1467,-429|471,-209,-63|-33,15,13
-585,2326,1872|-79,332,269|1,-22,-19
2001,-1110,1636|288,-153,229|-15,9,-12
-682,1455,-2671|-101,207,-379|6,-19,27
-1068,-2223,-1617|-146,-313,-232|11,20,17
6,-794,-2839|1,-117,-402|0,10,22
-1163,2809,-121|-168,402,-18|11,-31,1
-1962,2406,724|-283,341,101|16,-23,-3
508,-3140,633|72,-449,92|-4,26,-6
1008,-2458,1931|145,-351,273|-10,23,-20
-1239,-283,-2424|-172,-44,-347|12,-3,22
391,-2979,-414|53,-426,-58|-9,28,4
2090,-394,-1342|301,-58,-192|-22,3,16
1999,1243,-1580|286,180,-224|-17,-11,15
-216,-1168,3369|-27,-165,484|7,9,-38
1742,-1711,1487|246,-249,208|-13,14,-14
-2451,-229,314|-350,-34,46|20,2,-4
305,-2475,1423|44,-355,202|-4,24,-15
-3194,-544,371|-453,-77,53|33,8,1
894,-1024,2681|127,-146,377|-8,13,-25
-1218,642,2875|-170,91,409|10,-6,-27
217,2300,576|30,326,79|-5,-23,-5
1685,2321,494|240,329,68|-16,-25,1
1194,1893,-2627|170,273,-380|-11,-18,26
3427,-161,-785|490,-20,-110|-28,1,4
-1457,-2725,663|-212,-389,92|15,26,-5
-623,-2456,-677|-89,-353,-97|6,24,6
-2003,262,-1900|-291,36,-275|15,-2,23
2152,-1487,-889|307,-213,-127|-24,14,10
2596,-1310,-825|370,-183,-114|-22,12,11
-1268,2212,1195|-185,313,170|6,-21,-11
-550,2547,-736|-78,363,-105|2,-27,9
-1114,333,-2308|-166,46,-327|11,-4,23
-1573,1832,-401|-224,264,-59|13,-17,7
1133,868,-2422|163,130,-345|-12,-10,24
1594,2314,-923|225,329,-131|-13,-23,7
438,2775,-25|64,398,-1|1,-27,2
313,-2694,-317|45,-383,-47|-1,27,3
1577,-786,-2102|229,-113,-305|-11,4,23
-2823,-794,-278|-407,-115,-34|29,8,3
-719,-1430,2220|-103,-205,318|9,14,-17
-315,2344,2368|-41,332,334|4,-21,-24
1641,1093,-2327|229,159,-331|-19,-9,20
-948,-825,2651|-134,-112,379|8,9,-27
271,-758,-2783|40,-108,-392|-2,3,28
2603,-270,-1799|371,-37,-260|-26,2,20
1294,3159,-110|184,450,-12|-10,-31,-2
-20,3020,548|1,426,75|-2,-26,-4
560,1186,-2831|76,172,-409|-4,-14,26
-2338,915,2315|-333,128,330|27,-9,-20
-1694,-2185,-728|-239,-314,-104|17,19,9
2313,272,1427|324,38,206|-25,-3,-15
411,2384,918|60,335,129|-9,-23,-10
2342,933,-1901|335,134,-271|-22,-10,27
2206,498,-921|313,75,-131|-23,-8,9
-1438,-2211,1044|-204,-313,142|15,25,-8
-631,-2348,956|-87,-338,139|6,33,-12
-1194,-2558,-576|-172,-366,-77|10,29,2
1204,-3261,-154|176,-465,-25|-12,34,1
1022,-2003,-2357|146,-283,-337|-18,17,25
369,-43,-3329|46,-1,-477|1,0,33
734,-2281,1529|103,-327,217|-10,22,-16
1929,-2250,577|278,-320,80|-17,27,-8
2462,788,-1145|352,110,-158|-21,-7,12
-2112,1442,1144|-301,206,159|23,-14,-8
-536,262,2755|-78,38,393|5,1,-23
2621,-94,-1415|374,-11,-204|-27,0,10
-775,391,2918|-110,55,413|4,-2,-27
2716,392,1401|387,53,204|-33,-2,-14
-2469,747,1452|-346,106,205|29,-8,-17
-39,-451,-2707|-4,-72,-388|3,3,21
-347,2381,-1062|-51,341,-144|3,-25,11
-347,338,2665|-54,52,377|-1,-3,-23
1079,1614,1775|158,229,249|-11,-16,-15
1087,-2561,-354|155,-364,-50|-11,28,3
2108,-579,-1619|298,-81,-228|-22,4,19
939,-1919,-1931|134,-274,-268|-12,21,18
876,-422,2874|125,-60,405|-9,4,-26
1336,-2226,30|189,-323,4|-20,22,-2
112,2882,1381|16,411,196|1,-21,-8
-2344,-1273,-1683|-337,-187,-247|17,14,16
-1653,791,-1953|-235,113,-281|17,-15,20
-1611,1089,-1658|-230,155,-233|22,-10,20
1997,-806,2740|284,-119,391|-17,8,-25
938,725,2467|133,105,354|-15,-10,-27
-322,2612,-813|-45,374,-115|3,-21,10
-361,3022,628|-53,435,88|5,-29,-3
1247,3103,119|184,447,22|-14,-31,6
805,2161,-1401|115,307,-200|-7,-20,17
1346,-670,-2502|196,-100,-358|-11,5,25
-3002,-1297,-584|-433,-187,-88|31,15,5
-1818,-2086,-236|-261,-299,-29|14,21,4
-2404,-4,1476|-341,4,208|18,6,-18
714,-641,2405|102,-89,342|-7,7,-26
-1841,-1778,1081|-266,-255,158|16,18,-11
-1468,-2708,-1426|-206,-386,-203|16,24,14
1190,-400,-2780|170,-56,-397|-8,4,27
1169,358,-3175|169,54,-448|-12,-4,27
1242,1422,2719|176,200,387|-14,-14,-27
-971,2621,-632|-136,380,-94|9,-25,9
-568,-1638,2455|-82,-235,347|6,10,-28
449,2705,-1749|64,390,-250|-4,-26,22
1935,-1854,-1853|273,-266,-264|-21,16,16
-733,-1101,-2582|-104,-154,-361|8,10,27
2409,897,-1330|343,133,-189|-30,-8,11
2572,-1490,55|370,-211,11|-21,16,4
-2652,1556,-311|-379,225,-47|28,-15,1
-366,-3076,62|-50,-439,10|1,29,-1
1091,-852,2463|155,-122,356|-6,7,-27
2155,-1659,-1501|307,-237,-212|-23,17,17
-2627,-1109,-35|-379,-159,-2|26,14,2
1097,1981,1025|156,279,150|-11,-19,-13
-858,-2848,352|-121,-405,50|3,30,0
1971,-1579,-88|283,-225,-13|-20,19,-3
-2270,-1167,1002|-321,-170,137|17,6,-10
-1122,-2278,1688|-160,-327,236|11,28,-16
-2056,-2050,708|-295,-292,96|21,19,-7
-1732,1237,1528|-250,172,221|18,-15,-13
1,2845,383|0,407,51|-3,-26,5
-725,2529,1838|-102,362,267|11,-28,-16
-163,1266,-2778|-29,175,-399|0,-18,32
2654,-1564,-875|375,-225,-125|-26,14,12
-1683,2693,44|-244,384,4|19,-27,3
319,1024,-3061|48,145,-438|-3,-3,30
37,591,2588|2,87,368|-7,-5,-25
2948,-255,-312|420,-39,-43|-27,1,-2
669,-3210,-843|95,-456,-118|-7,32,9
-2679,-1175,570|-381,-166,81|26,5,0
-262,-2313,-2190|-33,-336,-313|2,21,22
-463,2377,1405|-67,343,200|2,-23,-14
-565,346,-3384|-82,50,-483|9,-5,30
2690,-957,-1541|384,-136,-219|-25,13,12
-1562,-1725,-1170|-223,-248,-171|16,12,9
-671,1922,-2094|-90,271,-298|4,-25,19
601,-782,-2192|88,-109,-319|-9,11,25
2089,213,2124|301,28,299|-22,-5,-19
2071,-1475,-1553|296,-211,-222|-18,19,14
-1118,-2581,385|-158,-365,58|13,28,-3
-2703,1488,-1211|-385,211,-170|30,-14,12
1254,-2771,-1270|183,-392,-179|-12,27,11
1645,-37,2489|235,-10,359|-18,0,-24
1244,-1510,2257|176,-216,322|-10,17,-24
670,-2299,-1847|94,-324,-265|-3,24,14
-2186,1337,-464|-312,190,-66|26,-13,-1
-2376,518,1603|-337,78,232|23,-5,-16
-1732,-1782,-719|-245,-253,-101|14,15,8
-724,1296,2446|-104,179,350|2,-12,-29
-106,-734,3156|-12,-104,449|1,9,-29
-234,-483,2732|-33,-69,386|2,4,-27
-2392,627,-946|-339,88,-138|24,-5,17
-897,-2959,-28|-131,-423,-2|5,27,0
-2450,669,1113|-350,92,155|24,-9,-9
3115,-194,-2220|445,-34,-321|-34,3,25
-2648,-173,2094|-379,-25,301|28,5,-22
-2165,-2445,-1136|-312,-345,-159|21,27,11
-135,2066,-2142|-16,301,-309|-2,-15,21
-2238,849,1298|-316,121,185|21,-4,-12
1816,1490,1927|258,210,276|-16,-9,-19
-369,1776,2283|-53,252,327|-3,-20,-22
966,-109,3164|136,-15,450|-4,1,-32
-1343,2610,857|-196,373,122|18,-28,-8
2278,433,1258|323,65,176|-19,-1,-9
-12,-1176,-2612|5,-164,-370|7,11,27
-1832,466,-2493|-258,69,-359|19,-2,26
-467,-1328,-2855|-69,-189,-407|4,13,29
2212,1669,1865|312,240,269|-21,-18,-21
2524,226,-1722|360,25,-246|-25,-1,17
-2231,1435,41|-320,201,7|24,-8,-3
1438,1133,2111|205,161,302|-17,-11,-20
-790,-2028,-1901|-108,-286,-273|7,21,22
-2086,1223,-1266|-298,177,-184|22,-14,13
2143,1649,-73|311,234,-13|-21,-16,-8
-1352,95,-2543|-192,13,-364|20,0,25
144,2836,649|26,404,88|-4,-28,-6
-2315,-381,-2313|-332,-54,-331|23,0,18
2488,194,-1630|355,27,-236|-26,4,16
-224,2463,818|-33,350,116|2,-25,-11
-2147,-591,-1463|-306,-87,-206|17,2,14
1819,1038,3201|260,146,457|-18,-6,-29
1846,2232,-565|265,318,-74|-14,-22,4
-1274,1967,-1751|-189,279,-247|12,-23,23
-2829,1586,554|-403,221,76|26,-18,-5
-691,2884,1024|-97,414,148|9,-30,-9
40,-3158,579|4,-451,79|-2,31,-3
14,-590,2904|2,-89,410|2,3,-28
-1640,288,2031|-229,39,292|20,0,-20
-2111,-22,822|-303,0,120|21,-3,-7
1175,2311,-311|169,330,-46|-11,-20,2
563,2848,-398|80,405,-55|-9,-32,3
2943,319,-1074|420,44,-153|-30,-4,10
3207,-36,58|452,0,9|-32,-3,-1
-719,-2708,536|-100,-387,76|1,27,-4
1340,-873,2808|192,-120,405|-7,8,-26
-708,-889,2518|-96,-122,361|5,6,-25
2505,983,-1358|357,140,-197|-30,-2,10
406,831,-3220|56,120,-456|-4,-6,34
899,2683,-376|128,383,-53|-8,-25,2
1301,-1757,2505|184,-247,357|-19,17,-29
-647,2496,-913|-92,358,-128|7,-16,5
-1699,1246,-1636|-241,178,-233|18,-13,16
1951,1901,-1288|274,271,-184|-20,-20,14
2011,-1065,1073|292,-151,157|-20,14,-10
-1761,-872,-1502|-252,-124,-213|13,4,18
92,-382,-3013|14,-52,-432|3,4,31
-482,-643,2587|-66,-91,366|5,6,-31
-1939,-1497,-528|-276,-211,-71|19,13,3
-2123,-1949,-323|-306,-275,-46|21,15,1
-3073,48,665|-440,11,95|35,2,-6
352,-1263,2998|52,-183,424|2,9,-32
-1191,1016,-2178|-173,145,-314|15,-10,21
-2760,-942,290|-395,-132,45|26,13,0
2734,-2213,976|391,-316,142|-25,19,-12
2131,-456,1805|304,-65,257|-18,2,-20
1480,-150,-2818|215,-20,-405|-13,3,34
-2797,826,-579|-399,121,-84|30,-7,8
-193,-2709,-1780|-28,-387,-250|1,25,17
-535,-1328,-2812|-76,-187,-406|6,14,28
65,2411,-424|10,344,-60|-1,-28,-2
1262,2389,1652|179,338,229|-14,-25,-15
-1429,1644,-2031|-203,231,-290|16,-16,21
776,2700,1814|110,383,259|-7,-28,-19
2561,942,1239|367,134,176|-26,-7,-12
1084,1811,2581|154,257,374|-8,-16,-24
1918,432,-2140|270,62,-301|-23,-6,18
566,1897,2782|79,278,395|-6,-17,-27
114,-1391,2554|14,-201,363|-1,14,-23
-2574,715,-1392|-368,100,-200|25,-4,8
1987,2009,1905|283,286,272|-17,-18,-19
1688,1514,2008|240,220,284|-12,-16,-22
-2447,314,-1691|-347,49,-245|24,-2,17
1217,2601,208|167,372,29|-8,-25,-1
2370,1327,-463|340,188,-66|-25,-10,6
1504,2376,470|210,341,72|-15,-24,0
2009,523,2049|283,80,294|-15,-7,-21
-2209,1407,42|-319,200,6|20,-12,0
2353,-1161,1410|332,-165,200|-20,10,-18
-3005,1094,34|-429,156,9|29,-11,2
-1801,-1231,1264|-264,-175,179|21,12,-13
-1481,2122,1247|-212,303,180|14,-16,-12
1946,-357,1631|277,-53,229|-19,5,-16
2078,1588,630|294,226,82|-20,-12,-6
-396,-2512,-590|-55,-358,-91|3,25,5
2238,1678,1694|321,243,240|-23,-22,-14
-2286,33,829|-329,5,120|17,4,-7
-2947,-396,1406|-418,-55,197|29,7,-20
-2487,-1672,-1318|-355,-236,-184|25,12,8
-2568,-938,-467|-370,-132,-65|25,5,2
-2485,-2140,-714|-356,-303,-105|24,26,7
-63,449,-3279|-6,64,-463|-3,-7,32
2411,-29,-1776|345,-4,-258|-25,0,22
2642,-810,1162|380,-114,165|-24,9,-8
2936,-408,563|417,-64,79|-26,6,-4
-1523,322,2370|-214,46,341|17,-1,-23
336,2015,-1579|45,288,-225|-5,-22,14
2712,781,1259|387,106,181|-29,-7,-12
2073,-499,-1642|297,-71,-231|-20,3,10
-1456,-2625,1183|-207,-375,176|17,26,-13
-2704,1271,-1601|-385,181,-225|26,-17,16
-838,-2449,1045|-116,-350,149|5,24,-10
284,-1816,-2676|43,-261,-382|-2,21,26
-2626,-1010,-880|-374,-143,-119|27,10,8
7,-3124,27|0,-446,2|0,31,4
3255,-402,-164|468,-58,-27|-32,1,-1
-1460,1973,-1848|-209,280,-266|8,-26,16
1204,-553,-2977|168,-79,-423|-14,6,29
-2512,-668,1766|-362,-92,250|25,9,-16
1009,-2893,-2091|146,-416,-296|-12,31,27
42,3281,555|6,470,79|4,-28,-3
-2671,-1394,-56|-382,-201,-6|21,16,-1
1626,2006,-135|233,285,-14|-16,-14,3
